#Preferencias del usuario
#Tue May 20 20:01:02 CEST 2025
Andres=2025-04-22T00\:53\:15.786826900
Marcos=2025-05-20T18\:57\:56.571484400
Sergi=2025-05-20T20\:01\:02.569470600
invitado=si
jaime=2025-04-21T23\:55\:19.023097900
javier=2025-04-22T10\:31\:44.237743900
