#Preferencias del usuario
#Tue Apr 22 10:52:41 CEST 2025
Andres=2025-04-22T00\:53\:15.786826900
Marcos=2025-04-22T10\:52\:41.820347900
Sergi=2025-04-22T10\:47\:02.710689100
invitado=si
jaime=2025-04-21T23\:55\:19.023097900
javier=2025-04-22T10\:31\:44.237743900
